   20.99
    0.47
  114.98
   20.02
   40.00
   95.15
  294.74
   70.49
    5.34
   17.06
  362.41
  275.85
   17.39
  210.07
    1.53
   13.63
  108.80
    0.24
    4.03
    6.35
    6.20
   38.09
    9.34
    6.20
    0.38
   73.73
   20.05
  341.64
   21.81
   18.00
  137.57
   27.64
    6.35
   51.25
  129.43
    0.50
   53.43
   15.28
  123.62
   25.28
   61.05
   18.77
   10.95
    5.85
    5.99
   53.67
   10.85
   29.54
    4.44
   57.75
